 0.998347  0.043870  0.037145  0.097409  0.044386  -0.998927  -0.013205  0.311836  0.036526  0.014831  -0.999223  0.612663  0.000000  0.000000  0.000000  1.000000 
 0.998350  0.043883  0.037030  0.097417  0.044401  -0.998926  -0.013273  0.311849  0.036408  0.014896  -0.999226  0.612576  0.000000  0.000000  0.000000  1.000000 
 0.998483  0.039341  0.038510  -0.002181  0.039194  -0.999221  0.004560  0.606691  0.038660  -0.003044  -0.999248  0.616284  0.000000  0.000000  0.000000  1.000000 
 -0.050494  -0.722662  0.689355  -0.362588  -0.998641  0.027614  -0.044200  0.619242  0.012906  -0.690650  -0.723074  0.410362  0.000000  0.000000  0.000000  1.000000 
 0.998483  0.038402  0.039451  -0.152315  0.038305  -0.999261  0.003209  0.636837  0.039545  -0.001693  -0.999216  0.616045  0.000000  0.000000  0.000000  1.000000 
 0.998496  0.038055  0.039478  -0.152303  0.037950  -0.999274  0.003404  0.636899  0.039578  -0.001901  -0.999215  0.616102  0.000000  0.000000  0.000000  1.000000 
 0.998489  0.038163  0.039539  -0.152289  0.038056  -0.999270  0.003463  0.636924  0.039642  -0.001953  -0.999212  0.616108  0.000000  0.000000  0.000000  1.000000 
 0.998420  0.039280  0.040192  -0.001997  0.039111  -0.999223  0.004964  0.606930  0.040356  -0.003385  -0.999180  0.616166  0.000000  0.000000  0.000000  1.000000 
 -0.051502  -0.722643  0.689300  -0.362782  -0.998593  0.028509  -0.044723  0.619058  0.012667  -0.690633  -0.723095  0.410142  0.000000  0.000000  0.000000  1.000000 
 0.998448  0.039205  0.039552  -0.152334  0.039035  -0.999225  0.005055  0.637043  0.039719  -0.003503  -0.999205  0.616103  0.000000  0.000000  0.000000  1.000000 
 0.998518  0.038593  0.038376  0.197795  0.038432  -0.999249  0.004922  0.636861  0.038537  -0.003440  -0.999251  0.616307  0.000000  0.000000  0.000000  1.000000 
 0.021717  -0.832317  -0.553874  0.335114  -0.998659  0.007982  -0.051152  0.549023  0.046996  0.554242  -0.831028  0.443092  0.000000  0.000000  0.000000  1.000000 
 0.998466  0.039862  0.038437  0.197368  0.039715  -0.999201  0.004580  0.807063  0.038589  -0.003046  -0.999251  0.616441  0.000000  0.000000  0.000000  1.000000 
 0.998485  0.033887  0.043344  0.008427  0.050469  -0.877824  -0.476317  0.973122  0.021907  0.477783  -0.878205  0.442899  0.000000  0.000000  0.000000  1.000000 
 0.998096  0.038365  0.048292  -0.101287  0.038417  -0.999262  -0.000136  0.406141  0.048251  0.001991  -0.998833  0.615129  0.000000  0.000000  0.000000  1.000000 
 0.910842  -0.323438  0.256425  -0.372516  -0.407938  -0.800045  0.439904  0.128147  0.062870  -0.505288  -0.860657  0.600729  0.000000  0.000000  0.000000  1.000000 
 0.998102  0.038168  0.048328  0.098735  0.038239  -0.999268  -0.000531  0.336384  0.048273  0.002378  -0.998831  0.615114  0.000000  0.000000  0.000000  1.000000 
 0.998470  0.038333  0.039865  -0.002389  0.038217  -0.999263  0.003663  0.607096  0.039976  -0.002134  -0.999198  0.615969  0.000000  0.000000  0.000000  1.000000 
 -0.051409  -0.723160  0.688765  -0.362900  -0.998609  0.029135  -0.043945  0.619048  0.011712  -0.690066  -0.723651  0.410144  0.000000  0.000000  0.000000  1.000000 
 -0.051194  -0.723102  0.688842  -0.362770  -0.998610  0.028423  -0.044378  0.619004  0.012511  -0.690156  -0.723552  0.410048  0.000000  0.000000  0.000000  1.000000 
 0.998501  0.038994  0.038412  -0.002534  0.038859  -0.999236  0.004248  0.606935  0.038548  -0.002749  -0.999253  0.616169  0.000000  0.000000  0.000000  1.000000 
 -0.050631  -0.723098  0.688887  -0.362785  -0.998640  0.028055  -0.043948  0.619169  0.012452  -0.690175  -0.723535  0.410166  0.000000  0.000000  0.000000  1.000000 
 0.998525  0.036483  0.040211  -0.152576  0.036390  -0.999333  0.003039  0.637020  0.040295  -0.001571  -0.999187  0.615818  0.000000  0.000000  0.000000  1.000000 
 0.998505  0.038126  0.039164  0.197858  0.037979  -0.999268  0.004488  0.636899  0.039307  -0.002994  -0.999223  0.616250  0.000000  0.000000  0.000000  1.000000 
 0.020841  -0.831542  -0.555071  0.335014  -0.998646  0.009157  -0.051213  0.548895  0.047669  0.555386  -0.830225  0.443015  0.000000  0.000000  0.000000  1.000000 
 0.998383  0.039892  0.040496  0.197633  0.039738  -0.999200  0.004612  0.806958  0.040648  -0.002996  -0.999169  0.616094  0.000000  0.000000  0.000000  1.000000 
 0.998453  0.034853  0.043332  0.007997  0.051311  -0.877798  -0.476275  0.973229  0.021437  0.477762  -0.878228  0.442940  0.000000  0.000000  0.000000  1.000000 
 0.998114  0.037887  0.048294  -0.101263  0.037957  -0.999279  -0.000536  0.406225  0.048239  0.002368  -0.998833  0.615153  0.000000  0.000000  0.000000  1.000000 
 0.910834  -0.323472  0.256412  -0.372403  -0.408046  -0.799349  0.441067  0.128286  0.062289  -0.506367  -0.860066  0.600983  0.000000  0.000000  0.000000  1.000000 
 -0.168223  0.980604  0.100586  1.135097  0.985602  0.169083  -0.000026  0.257587  -0.017033  0.099133  -0.994928  1.253225  0.000000  0.000000  0.000000  1.000000 
 -0.168223  0.980604  0.100586  1.135097  0.985602  0.169083  -0.000026  0.257587  -0.017033  0.099133  -0.994928  1.253225  0.000000  0.000000  0.000000  1.000000 
 -0.980604  -0.100586  -0.168223  1.135097  -0.169083  0.000026  0.985602  0.257587  -0.099133  0.994928  -0.017033  1.253225  0.000000  0.000000  0.000000  1.000000 
 -0.980604  -0.100586  -0.168223  1.135097  -0.169083  0.000026  0.985602  0.257587  -0.099133  0.994928  -0.017033  1.253225  0.000000  0.000000  0.000000  1.000000 
 -0.980598  -0.100641  -0.168221  1.135104  -0.169082  0.000026  0.985602  0.257587  -0.099188  0.994923  -0.017042  1.253226  0.000000  0.000000  0.000000  1.000000 
 -0.980598  -0.100641  -0.168221  1.135104  -0.169082  0.000026  0.985602  0.257587  -0.099188  0.994923  -0.017042  1.253226  0.000000  0.000000  0.000000  1.000000 
 -0.980598  -0.100641  -0.168221  1.135104  -0.169082  0.000026  0.985602  0.257587  -0.099188  0.994923  -0.017042  1.253226  0.000000  0.000000  0.000000  1.000000 
 -0.980598  -0.100641  -0.168221  1.135104  -0.169082  0.000026  0.985602  0.257587  -0.099188  0.994923  -0.017042  1.253226  0.000000  0.000000  0.000000  1.000000 
 -0.980598  -0.100641  -0.168221  1.135104  -0.169082  0.000026  0.985602  0.257587  -0.099188  0.994923  -0.017042  1.253226  0.000000  0.000000  0.000000  1.000000 
 -0.980598  -0.100641  -0.168221  1.135104  -0.169082  0.000026  0.985602  0.257587  -0.099188  0.994923  -0.017042  1.253226  0.000000  0.000000  0.000000  1.000000 
 -0.980598  -0.100641  -0.168221  1.135104  -0.169082  0.000026  0.985602  0.257587  -0.099188  0.994923  -0.017042  1.253226  0.000000  0.000000  0.000000  1.000000 
 -0.980598  -0.100641  -0.168221  1.135104  -0.169082  0.000026  0.985602  0.257587  -0.099188  0.994923  -0.017042  1.253226  0.000000  0.000000  0.000000  1.000000 
 -0.980598  -0.100641  -0.168221  1.135104  -0.169082  0.000026  0.985602  0.257587  -0.099188  0.994923  -0.017042  1.253226  0.000000  0.000000  0.000000  1.000000 
 -0.980598  -0.100641  -0.168221  1.135104  -0.169082  0.000026  0.985602  0.257587  -0.099188  0.994923  -0.017042  1.253226  0.000000  0.000000  0.000000  1.000000 
 -0.980598  -0.100641  -0.168221  1.135104  -0.169082  0.000026  0.985602  0.257587  -0.099188  0.994923  -0.017042  1.253226  0.000000  0.000000  0.000000  1.000000 
 -0.980607  -0.099756  -0.168697  1.134859  -0.169541  -0.000026  0.985523  0.258187  -0.098316  0.995012  -0.016887  1.253229  0.000000  0.000000  0.000000  1.000000 
 -0.980607  -0.099756  -0.168697  1.134859  -0.169541  -0.000026  0.985523  0.258187  -0.098316  0.995012  -0.016887  1.253229  0.000000  0.000000  0.000000  1.000000 
 -0.980607  -0.099756  -0.168697  1.134859  -0.169540  -0.000026  0.985523  0.258187  -0.098316  0.995012  -0.016887  1.253229  0.000000  0.000000  0.000000  1.000000 
 -0.980607  -0.099756  -0.168697  1.134859  -0.169541  -0.000026  0.985523  0.258187  -0.098316  0.995012  -0.016887  1.253229  0.000000  0.000000  0.000000  1.000000 
 -0.980607  -0.099756  -0.168697  1.134859  -0.169540  -0.000026  0.985523  0.258187  -0.098316  0.995012  -0.016887  1.253229  0.000000  0.000000  0.000000  1.000000 
 -0.980607  -0.099756  -0.168697  1.134859  -0.169540  -0.000026  0.985523  0.258187  -0.098316  0.995012  -0.016887  1.253229  0.000000  0.000000  0.000000  1.000000 
 -0.980607  -0.099756  -0.168697  1.134859  -0.169541  -0.000026  0.985523  0.258187  -0.098316  0.995012  -0.016887  1.253229  0.000000  0.000000  0.000000  1.000000 
 -0.980607  -0.099756  -0.168697  1.134859  -0.169541  -0.000026  0.985523  0.258187  -0.098316  0.995012  -0.016887  1.253229  0.000000  0.000000  0.000000  1.000000 
 -0.980607  -0.099756  -0.168697  1.134859  -0.169541  -0.000026  0.985523  0.258187  -0.098316  0.995012  -0.016887  1.253229  0.000000  0.000000  0.000000  1.000000 
 -0.980601  -0.099776  -0.168718  1.117985  -0.169562  -0.000027  0.985520  0.356763  -0.098336  0.995010  -0.016891  1.251541  0.000000  0.000000  0.000000  1.000000 
 -0.980601  -0.099777  -0.168718  1.117985  -0.169561  -0.000027  0.985520  0.356763  -0.098336  0.995010  -0.016892  1.251541  0.000000  0.000000  0.000000  1.000000 
 -0.980601  -0.099776  -0.168718  1.117985  -0.169562  -0.000027  0.985520  0.356763  -0.098336  0.995010  -0.016891  1.251541  0.000000  0.000000  0.000000  1.000000 
 -0.980601  -0.099776  -0.168718  1.117985  -0.169562  -0.000027  0.985520  0.356763  -0.098336  0.995010  -0.016891  1.251541  0.000000  0.000000  0.000000  1.000000 
 -0.980601  -0.099776  -0.168718  1.117985  -0.169562  -0.000027  0.985520  0.356763  -0.098336  0.995010  -0.016891  1.251541  0.000000  0.000000  0.000000  1.000000 
 -0.980601  -0.099776  -0.168718  1.117985  -0.169562  -0.000027  0.985520  0.356763  -0.098336  0.995010  -0.016891  1.251541  0.000000  0.000000  0.000000  1.000000 
 -0.980601  -0.099776  -0.168718  1.117985  -0.169562  -0.000027  0.985520  0.356763  -0.098336  0.995010  -0.016891  1.251541  0.000000  0.000000  0.000000  1.000000 
 -0.980601  -0.099776  -0.168718  1.117985  -0.169562  -0.000027  0.985520  0.356763  -0.098336  0.995010  -0.016891  1.251541  0.000000  0.000000  0.000000  1.000000 
 -0.980601  -0.099776  -0.168718  1.117985  -0.169562  -0.000027  0.985520  0.356763  -0.098336  0.995010  -0.016891  1.251541  0.000000  0.000000  0.000000  1.000000 
 -0.980601  -0.099776  -0.168718  1.117985  -0.169562  -0.000027  0.985520  0.356763  -0.098336  0.995010  -0.016891  1.251541  0.000000  0.000000  0.000000  1.000000 
 -0.980601  -0.099777  -0.168718  1.117985  -0.169561  -0.000027  0.985520  0.356763  -0.098336  0.995010  -0.016892  1.251541  0.000000  0.000000  0.000000  1.000000 
 -0.980601  -0.099776  -0.168718  1.117985  -0.169562  -0.000027  0.985520  0.356763  -0.098336  0.995010  -0.016891  1.251541  0.000000  0.000000  0.000000  1.000000 
 -0.980601  -0.099776  -0.168718  1.117985  -0.169562  -0.000027  0.985520  0.356763  -0.098336  0.995010  -0.016891  1.251541  0.000000  0.000000  0.000000  1.000000 
 -0.980601  -0.099776  -0.168718  1.117985  -0.169562  -0.000027  0.985520  0.356763  -0.098336  0.995010  -0.016891  1.251541  0.000000  0.000000  0.000000  1.000000 
 -0.980601  -0.099776  -0.168718  1.117985  -0.169562  -0.000027  0.985520  0.356763  -0.098336  0.995010  -0.016891  1.251541  0.000000  0.000000  0.000000  1.000000 
 -0.980602  -0.099770  -0.168718  1.117982  -0.169561  -0.000027  0.985520  0.356763  -0.098330  0.995011  -0.016890  1.251549  0.000000  0.000000  0.000000  1.000000 
 -0.980602  -0.099768  -0.168718  1.117982  -0.169562  -0.000027  0.985520  0.356763  -0.098328  0.995011  -0.016890  1.251549  0.000000  0.000000  0.000000  1.000000 
 -0.980602  -0.099769  -0.168719  1.117982  -0.169562  -0.000027  0.985520  0.356763  -0.098328  0.995011  -0.016890  1.251549  0.000000  0.000000  0.000000  1.000000 
 -0.980602  -0.099769  -0.168718  1.117982  -0.169562  -0.000027  0.985520  0.356763  -0.098329  0.995011  -0.016890  1.251549  0.000000  0.000000  0.000000  1.000000 
 -0.980602  -0.099770  -0.168717  1.117982  -0.169561  -0.000027  0.985520  0.356763  -0.098330  0.995010  -0.016890  1.251550  0.000000  0.000000  0.000000  1.000000 
 -0.980602  -0.099770  -0.168717  1.117982  -0.169560  -0.000027  0.985520  0.356762  -0.098330  0.995010  -0.016890  1.251550  0.000000  0.000000  0.000000  1.000000 
 -0.980602  -0.099770  -0.168717  1.117982  -0.169560  -0.000027  0.985520  0.356762  -0.098330  0.995010  -0.016890  1.251550  0.000000  0.000000  0.000000  1.000000 
 -0.980602  -0.099769  -0.168718  1.117982  -0.169562  -0.000027  0.985520  0.356763  -0.098329  0.995011  -0.016890  1.251549  0.000000  0.000000  0.000000  1.000000 
 0.998596  0.031354  0.042693  0.099490  0.031748  -0.999459  -0.008581  0.335198  0.042400  0.009924  -0.999051  1.542375  0.000000  0.000000  0.000000  1.000000 
 0.000000  0.000000  0.000000  0.000000  0.000000  0.000000  0.000000  0.000000  0.000000  0.000000  0.000000  0.000000  0.000000  0.000000  0.000000  1.000000 
 0.998594  0.031366  0.042735  0.099495  0.031763  -0.999458  -0.008640  0.335186  0.042441  0.009986  -0.999049  0.612374  0.000000  0.000000  0.000000  1.000000 
 0.998596  0.031342  0.042693  0.099485  0.031737  -0.999459  -0.008614  0.335197  0.042400  0.009957  -0.999051  0.612360  0.000000  0.000000  0.000000  1.000000 
 0.998596  0.031390  0.042675  0.099484  0.031788  -0.999457  -0.008663  0.335192  0.042380  0.010008  -0.999051  0.612353  0.000000  0.000000  0.000000  1.000000 
 0.998596  0.031402  0.042667  0.099487  0.031799  -0.999457  -0.008655  0.335194  0.042372  0.010000  -0.999052  0.612346  0.000000  0.000000  0.000000  1.000000 
 0.998598  0.031342  0.042667  0.099496  0.031739  -0.999459  -0.008656  0.335198  0.042373  0.009999  -0.999052  0.612327  0.000000  0.000000  0.000000  1.000000 
 0.998597  0.031342  0.042675  0.099490  0.031740  -0.999458  -0.008683  0.335185  0.042380  0.010025  -0.999051  0.612334  0.000000  0.000000  0.000000  1.000000 
 0.998594  0.031378  0.042718  0.099466  0.031775  -0.999458  -0.008656  0.335174  0.042424  0.010001  -0.999050  0.612360  0.000000  0.000000  0.000000  1.000000 
 0.998596  0.031366  0.042683  0.099504  0.031764  -0.999458  -0.008674  0.335199  0.042388  0.010017  -0.999051  0.612330  0.000000  0.000000  0.000000  1.000000 
 0.998598  0.031342  0.042667  0.099493  0.031739  -0.999459  -0.008657  0.335195  0.042372  0.009999  -0.999052  0.612340  0.000000  0.000000  0.000000  1.000000 
 0.998471  0.039354  0.038808  -0.002228  0.039190  -0.999219  0.004997  0.606761  0.038974  -0.003468  -0.999234  0.621253  0.000000  0.000000  0.000000  1.000000 
 -0.050005  -0.722962  0.689076  -0.362808  -0.998680  0.028082  -0.043010  0.619282  0.011744  -0.690317  -0.723412  0.415105  0.000000  0.000000  0.000000  1.000000 
 0.998443  0.039064  0.039815  -0.152381  0.038947  -0.999234  0.003709  0.636843  0.039930  -0.002153  -0.999200  0.620986  0.000000  0.000000  0.000000  1.000000 
 0.998488  0.039011  0.038733  0.197471  0.038880  -0.999235  0.004143  0.636916  0.038865  -0.002631  -0.999241  0.621102  0.000000  0.000000  0.000000  1.000000 
 0.022928  -0.832341  -0.553789  0.334859  -0.998622  0.007093  -0.052005  0.549036  0.047214  0.554218  -0.831031  0.448091  0.000000  0.000000  0.000000  1.000000 
 0.998476  0.039169  0.038881  0.197576  0.038986  -0.999225  0.005448  0.806970  0.039064  -0.003924  -0.999229  0.621200  0.000000  0.000000  0.000000  1.000000 
 0.998467  0.033702  0.043906  0.008136  0.050580  -0.877703  -0.476528  0.973251  0.022476  0.478019  -0.878062  0.447697  0.000000  0.000000  0.000000  1.000000 
 0.998115  0.038410  0.047858  -0.101370  0.038444  -0.999261  0.000205  0.406262  0.047831  0.001635  -0.998854  0.620157  0.000000  0.000000  0.000000  1.000000 
 0.910926  -0.323290  0.256313  -0.372528  -0.407851  -0.799325  0.441289  0.128388  0.062213  -0.506520  -0.859981  0.605967  0.000000  0.000000  0.000000  1.000000 
 0.998592  0.031402  0.042761  0.099435  0.031795  -0.999458  -0.008545  0.335152  0.042470  0.009893  -0.999049  0.612441  0.000000  0.000000  0.000000  1.000000 
 0.998594  0.031366  0.042743  0.099440  0.031760  -0.999459  -0.008581  0.335138  0.042451  0.009927  -0.999049  0.612387  0.000000  0.000000  0.000000  1.000000 
 0.998596  0.031342  0.042702  0.099462  0.031738  -0.999459  -0.008623  0.335171  0.042409  0.009966  -0.999051  1.537417  0.000000  0.000000  0.000000  1.000000 
 0.998599  0.031295  0.042659  0.099470  0.031691  -0.999460  -0.008632  0.335187  0.042366  0.009972  -0.999052  0.612389  0.000000  0.000000  0.000000  1.000000 
 0.998453  0.039965  0.038661  -0.002713  0.039825  -0.999197  0.004383  0.607076  0.038805  -0.002837  -0.999243  0.621113  0.000000  0.000000  0.000000  1.000000 
 -0.051233  -0.722681  0.689280  -0.362680  -0.998602  0.028086  -0.044777  0.619028  0.013000  -0.690611  -0.723110  0.415133  0.000000  0.000000  0.000000  1.000000 
 0.998469  0.038915  0.039306  -0.152390  0.038824  -0.999241  0.003081  0.636916  0.039396  -0.001551  -0.999222  0.620965  0.000000  0.000000  0.000000  1.000000 
 0.998437  0.039169  0.039861  0.198070  0.039013  -0.999228  0.004687  0.636781  0.040014  -0.003124  -0.999194  0.621110  0.000000  0.000000  0.000000  1.000000 
 0.998423  0.039122  0.040257  0.197766  0.038954  -0.999229  0.004973  0.636953  0.040421  -0.003397  -0.999177  0.621274  0.000000  0.000000  0.000000  1.000000 
 0.998467  0.038831  0.039447  -0.001598  0.038626  -0.999236  0.005944  0.607460  0.039647  -0.004411  -0.999204  0.621412  0.000000  0.000000  0.000000  1.000000 
 -0.051328  -0.722953  0.688988  -0.362692  -0.998601  0.028382  -0.044612  0.619090  0.012697  -0.690314  -0.723399  0.415017  0.000000  0.000000  0.000000  1.000000 
 0.998470  0.038536  0.039652  -0.152219  0.038439  -0.999256  0.003198  0.636954  0.039746  -0.001669  -0.999208  0.621035  0.000000  0.000000  0.000000  1.000000 
 0.998508  0.038843  0.038389  0.197609  0.038728  -0.999243  0.003730  0.636800  0.038505  -0.002238  -0.999256  0.621174  0.000000  0.000000  0.000000  1.000000 
 0.021570  -0.832467  -0.553655  0.335042  -0.998642  0.008323  -0.051420  0.548981  0.047413  0.554013  -0.831157  0.447999  0.000000  0.000000  0.000000  1.000000 
 0.021489  -0.832381  -0.553787  0.335107  -0.998638  0.008473  -0.051487  0.548992  0.047548  0.554139  -0.831065  0.447885  0.000000  0.000000  0.000000  1.000000 
 0.998433  0.040503  0.038617  -0.002718  0.040344  -0.999174  0.004892  0.606930  0.038784  -0.003326  -0.999242  0.621260  0.000000  0.000000  0.000000  1.000000 
 -0.051225  -0.722571  0.689397  -0.362814  -0.998617  0.028880  -0.043931  0.619216  0.011833  -0.690694  -0.723051  0.415174  0.000000  0.000000  0.000000  1.000000 
 0.998411  0.039891  0.039812  -0.152229  0.039785  -0.999202  0.003447  0.636810  0.039918  -0.001857  -0.999201  0.621032  0.000000  0.000000  0.000000  1.000000 
 0.998456  0.038726  0.039823  0.198077  0.038587  -0.999246  0.004253  0.636802  0.039957  -0.002709  -0.999198  0.621140  0.000000  0.000000  0.000000  1.000000 
 0.998451  0.038570  0.040093  0.197745  0.038416  -0.999251  0.004605  0.636962  0.040241  -0.003057  -0.999185  0.621345  0.000000  0.000000  0.000000  1.000000 
 0.998218  0.044012  0.040301  0.195799  0.043673  -0.999003  0.009259  0.369322  0.040669  -0.007483  -0.999145  0.624021  0.000000  0.000000  0.000000  1.000000 
 0.998470  0.038665  0.039524  -0.002687  0.038529  -0.999249  0.004204  0.607164  0.039657  -0.002675  -0.999210  0.621101  0.000000  0.000000  0.000000  1.000000 
 -0.051622  -0.722949  0.688970  -0.362756  -0.998607  0.029812  -0.043540  0.619081  0.010937  -0.690258  -0.723481  0.415154  0.000000  0.000000  0.000000  1.000000 
 0.998435  0.040475  0.038580  -0.152482  0.040351  -0.999178  0.003984  0.636913  0.038710  -0.002421  -0.999248  0.621182  0.000000  0.000000  0.000000  1.000000 
 0.998524  0.038651  0.038165  0.197744  0.038517  -0.999249  0.004262  0.636825  0.038301  -0.002786  -0.999262  0.621179  0.000000  0.000000  0.000000  1.000000 
 0.020947  -0.832278  -0.553963  0.335071  -0.998663  0.008775  -0.050946  0.549019  0.047262  0.554289  -0.830981  0.448012  0.000000  0.000000  0.000000  1.000000 
 0.998457  0.038919  0.039622  0.197617  0.038792  -0.999239  0.003980  0.806917  0.039746  -0.002437  -0.999207  0.621190  0.000000  0.000000  0.000000  1.000000 
 0.999055  0.040875  0.014781  0.197601  0.041019  -0.999113  -0.009570  0.346470  0.014376  0.010168  -0.999845  0.614358  0.000000  0.000000  0.000000  1.000000 
 0.998420  0.039804  0.039672  -0.002627  0.039671  -0.999204  0.004149  0.606875  0.039805  -0.002569  -0.999204  0.621149  0.000000  0.000000  0.000000  1.000000 
 0.998500  0.038124  0.039297  -0.002385  0.037940  -0.999265  0.005402  0.607163  0.039474  -0.003903  -0.999213  0.621415  0.000000  0.000000  0.000000  1.000000 
 0.998475  0.038045  0.040004  -0.002251  0.037876  -0.999270  0.004959  0.607136  0.040164  -0.003436  -0.999187  0.621257  0.000000  0.000000  0.000000  1.000000 
 0.998462  0.038047  0.040320  -0.002278  0.037890  -0.999271  0.004640  0.607049  0.040468  -0.003105  -0.999176  0.621100  0.000000  0.000000  0.000000  1.000000 
 0.998459  0.038119  0.040327  -0.002272  0.037963  -0.999268  0.004626  0.607057  0.040474  -0.003088  -0.999176  0.621108  0.000000  0.000000  0.000000  1.000000 
 0.998476  0.038427  0.039607  -0.002344  0.038294  -0.999258  0.004099  0.606933  0.039735  -0.002576  -0.999207  0.621124  0.000000  0.000000  0.000000  1.000000 
 0.998614  0.040522  0.033571  -0.075753  0.040510  -0.999179  0.001036  0.398337  0.033586  0.000325  -0.999436  0.624995  0.000000  0.000000  0.000000  1.000000 
 0.998615  0.040487  0.033600  -0.075734  0.040476  -0.999180  0.001002  0.398344  0.033613  0.000359  -0.999435  0.624975  0.000000  0.000000  0.000000  1.000000 
 0.998526  0.037919  0.038831  -0.002411  0.037803  -0.999278  0.003702  0.607268  0.038944  -0.002229  -0.999239  0.621154  0.000000  0.000000  0.000000  1.000000 
 0.998448  0.039194  0.039571  -0.002372  0.039092  -0.999230  0.003334  0.606764  0.039671  -0.001782  -0.999211  0.621120  0.000000  0.000000  0.000000  1.000000 
 0.998449  0.039134  0.039601  -0.002358  0.039032  -0.999232  0.003349  0.606744  0.039702  -0.001798  -0.999210  0.621140  0.000000  0.000000  0.000000  1.000000 
 0.998457  0.039000  0.039529  -0.002435  0.038833  -0.999233  0.004985  0.607020  0.039693  -0.003443  -0.999206  0.621354  0.000000  0.000000  0.000000  1.000000 
 0.998478  0.038759  0.039240  -0.002472  0.038588  -0.999242  0.005093  0.607066  0.039408  -0.003571  -0.999217  0.621267  0.000000  0.000000  0.000000  1.000000 
 0.998474  0.038830  0.039258  -0.002471  0.038659  -0.999239  0.005114  0.607056  0.039427  -0.003589  -0.999216  0.621260  0.000000  0.000000  0.000000  1.000000 
 0.999074  0.031167  0.029665  -0.001265  0.031532  -0.999432  -0.011916  0.607508  0.029277  0.012840  -0.999489  0.613075  0.000000  0.000000  0.000000  1.000000 
 0.999076  0.031119  0.029658  -0.001252  0.031485  -0.999433  -0.011940  0.607502  0.029270  0.012863  -0.999489  0.613037  0.000000  0.000000  0.000000  1.000000 
 0.999074  0.031131  0.029684  -0.001232  0.031497  -0.999433  -0.011935  0.607501  0.029295  0.012859  -0.999488  0.613045  0.000000  0.000000  0.000000  1.000000 
 0.999074  0.031143  0.029677  -0.001260  0.031510  -0.999432  -0.011957  0.607507  0.029288  0.012882  -0.999488  0.613023  0.000000  0.000000  0.000000  1.000000 
 0.999075  0.031107  0.029688  -0.001255  0.031471  -0.999434  -0.011886  0.607510  0.029301  0.012809  -0.999489  0.613070  0.000000  0.000000  0.000000  1.000000 
 0.999076  0.031108  0.029667  -0.001245  0.031475  -0.999433  -0.011993  0.607509  0.029277  0.012915  -0.999488  0.613007  0.000000  0.000000  0.000000  1.000000 
 0.999077  0.031083  0.029658  -0.001238  0.031449  -0.999434  -0.011940  0.607501  0.029270  0.012862  -0.999489  0.613045  0.000000  0.000000  0.000000  1.000000 
 0.999074  0.031131  0.029688  -0.001261  0.031495  -0.999433  -0.011885  0.607513  0.029301  0.012810  -0.999489  0.613050  0.000000  0.000000  0.000000  1.000000 
 0.998424  0.039386  0.039978  -0.002399  0.039235  -0.999220  0.004554  0.606811  0.040126  -0.002978  -0.999190  0.621319  0.000000  0.000000  0.000000  1.000000 
 0.998419  0.039495  0.039989  -0.002326  0.039352  -0.999216  0.004351  0.606920  0.040129  -0.002771  -0.999191  0.621134  0.000000  0.000000  0.000000  1.000000 
 0.998423  0.039446  0.039948  -0.002342  0.039304  -0.999218  0.004339  0.606944  0.040088  -0.002762  -0.999192  0.621116  0.000000  0.000000  0.000000  1.000000 
 0.998431  0.039350  0.039837  -0.002347  0.039210  -0.999222  0.004295  0.606928  0.039975  -0.002726  -0.999197  0.621074  0.000000  0.000000  0.000000  1.000000 
 0.998430  0.039362  0.039859  -0.002352  0.039220  -0.999221  0.004327  0.606950  0.039998  -0.002757  -0.999196  0.621073  0.000000  0.000000  0.000000  1.000000 
 0.998430  0.039362  0.039839  -0.002357  0.039219  -0.999221  0.004345  0.606928  0.039979  -0.002775  -0.999197  0.621098  0.000000  0.000000  0.000000  1.000000 
 0.998430  0.039350  0.039864  -0.002345  0.039211  -0.999222  0.004262  0.606932  0.040001  -0.002692  -0.999196  0.621051  0.000000  0.000000  0.000000  1.000000 
 0.998429  0.039386  0.039843  -0.002372  0.039243  -0.999220  0.004357  0.606926  0.039983  -0.002787  -0.999196  0.621085  0.000000  0.000000  0.000000  1.000000 
 0.998429  0.039386  0.039850  -0.002369  0.039244  -0.999220  0.004342  0.606929  0.039990  -0.002771  -0.999196  0.621091  0.000000  0.000000  0.000000  1.000000 
 0.998431  0.039350  0.039840  -0.002361  0.039209  -0.999222  0.004307  0.606931  0.039979  -0.002738  -0.999197  0.621075  0.000000  0.000000  0.000000  1.000000 
 0.998433  0.039314  0.039833  -0.002346  0.039172  -0.999223  0.004321  0.606943  0.039972  -0.002754  -0.999197  0.621071  0.000000  0.000000  0.000000  1.000000 
 0.998430  0.039362  0.039858  -0.002365  0.039219  -0.999221  0.004365  0.606941  0.039999  -0.002795  -0.999196  0.621095  0.000000  0.000000  0.000000  1.000000 
 0.998433  0.039326  0.039815  -0.002346  0.039187  -0.999223  0.004264  0.606941  0.039952  -0.002697  -0.999198  0.621045  0.000000  0.000000  0.000000  1.000000 
 0.998430  0.039326  0.039885  -0.002345  0.039182  -0.999223  0.004367  0.606942  0.040025  -0.002798  -0.999195  0.621095  0.000000  0.000000  0.000000  1.000000 
 0.998432  0.039314  0.039844  -0.002345  0.039172  -0.999223  0.004317  0.606935  0.039983  -0.002750  -0.999197  0.621069  0.000000  0.000000  0.000000  1.000000 
 0.998478  0.039420  0.038566  -0.096907  0.039271  -0.999218  0.004605  0.527519  0.038717  -0.003083  -0.999245  0.621489  0.000000  0.000000  0.000000  1.000000 
 0.998490  0.038195  0.039484  -0.154424  0.038013  -0.999263  0.005340  0.496140  0.039659  -0.003831  -0.999206  0.621277  0.000000  0.000000  0.000000  1.000000 
 0.998488  0.038809  0.038936  0.031478  0.038666  -0.999242  0.004433  0.622189  0.039079  -0.002921  -0.999232  0.621200  0.000000  0.000000  0.000000  1.000000 
 0.998460  0.038373  0.040067  -0.066116  0.038232  -0.999260  0.004277  0.424948  0.040202  -0.002739  -0.999188  0.621353  0.000000  0.000000  0.000000  1.000000 
 0.998451  0.038363  0.040291  -0.066310  0.038220  -0.999260  0.004316  0.424356  0.040427  -0.002770  -0.999179  0.621228  0.000000  0.000000  0.000000  1.000000 
 0.998465  0.038069  0.040219  -0.052220  0.037919  -0.999271  0.004484  0.766718  0.040361  -0.002952  -0.999181  0.620991  0.000000  0.000000  0.000000  1.000000 
 0.998477  0.039265  0.038749  -0.052562  0.039101  -0.999223  0.004992  0.496610  0.038915  -0.003469  -0.999236  0.621444  0.000000  0.000000  0.000000  1.000000 
 0.998492  0.039387  0.038231  0.007332  0.039262  -0.999221  0.004019  0.496834  0.038360  -0.002512  -0.999261  0.621352  0.000000  0.000000  0.000000  1.000000 
 0.998476  0.038107  0.039923  -0.222858  0.037996  -0.999272  0.003543  0.556910  0.040029  -0.002021  -0.999196  0.621141  0.000000  0.000000  0.000000  1.000000 
 0.998527  0.038467  0.038260  -0.172408  0.038331  -0.999256  0.004288  0.406763  0.038397  -0.002815  -0.999259  0.621459  0.000000  0.000000  0.000000  1.000000 
 0.998514  0.038099  0.038965  -0.112891  0.037954  -0.999270  0.004438  0.466553  0.039106  -0.002952  -0.999231  0.621324  0.000000  0.000000  0.000000  1.000000 
 0.998478  0.039397  0.038595  0.092965  0.039272  -0.999220  0.004014  0.826513  0.038723  -0.002492  -0.999247  0.621181  0.000000  0.000000  0.000000  1.000000 
 0.998522  0.038677  0.038182  -0.022420  0.038546  -0.999248  0.004155  0.380991  0.038314  -0.002677  -0.999262  0.621674  0.000000  0.000000  0.000000  1.000000 
 0.998512  0.038647  0.038475  0.042806  0.038516  -0.999249  0.004155  0.767315  0.038607  -0.002667  -0.999251  0.620933  0.000000  0.000000  0.000000  1.000000 
 0.998946  0.040752  0.021098  0.206219  0.040886  -0.999146  -0.005938  0.384085  0.020838  0.006794  -0.999760  0.617521  0.000000  0.000000  0.000000  1.000000 
 0.998402  0.039548  0.040367  -0.112433  0.039381  -0.999212  0.004924  0.470911  0.040530  -0.003327  -0.999173  0.621019  0.000000  0.000000  0.000000  1.000000 
 0.998512  0.038713  0.038395  0.037650  0.038563  -0.999245  0.004650  0.512648  0.038546  -0.003162  -0.999252  0.621259  0.000000  0.000000  0.000000  1.000000 
 0.998480  0.038770  0.039175  -0.223094  0.038602  -0.999242  0.005051  0.377048  0.039341  -0.003531  -0.999220  0.621367  0.000000  0.000000  0.000000  1.000000 
 0.998519  0.038100  0.038834  -0.082276  0.037973  -0.999271  0.003981  0.436959  0.038957  -0.002501  -0.999238  0.621208  0.000000  0.000000  0.000000  1.000000 
 0.998422  0.038849  0.040538  0.037895  0.038678  -0.999239  0.005002  0.467081  0.040701  -0.003427  -0.999165  0.621042  0.000000  0.000000  0.000000  1.000000 
 0.998477  0.039229  0.038792  0.037648  0.039112  -0.999228  0.003759  0.641344  0.038910  -0.002236  -0.999240  0.621210  0.000000  0.000000  0.000000  1.000000 
 0.998449  0.038394  0.040315  0.007782  0.038231  -0.999257  0.004808  0.766949  0.040470  -0.003259  -0.999175  0.621011  0.000000  0.000000  0.000000  1.000000 
 0.998500  0.038049  0.039383  -0.022263  0.037861  -0.999268  0.005514  0.407686  0.039564  -0.004015  -0.999209  0.621577  0.000000  0.000000  0.000000  1.000000 
 0.998485  0.038547  0.039258  -0.052102  0.038417  -0.999254  0.004059  0.377101  0.039385  -0.002545  -0.999221  0.621218  0.000000  0.000000  0.000000  1.000000 
 0.998497  0.038551  0.038946  0.278094  0.038473  -0.999256  0.002742  0.340751  0.039022  -0.001240  -0.999238  0.621033  0.000000  0.000000  0.000000  1.000000 
 0.998477  0.038743  0.039284  -0.052513  0.038608  -0.999246  0.004198  0.406974  0.039417  -0.002675  -0.999219  0.621288  0.000000  0.000000  0.000000  1.000000 
 0.998512  0.038775  0.038356  0.045744  0.038656  -0.999245  0.003855  0.556724  0.038477  -0.002367  -0.999257  0.621054  0.000000  0.000000  0.000000  1.000000 
 0.998525  0.038426  0.038357  0.043220  0.038292  -0.999258  0.004227  0.526687  0.038491  -0.002752  -0.999255  0.621461  0.000000  0.000000  0.000000  1.000000 
 0.998483  0.039418  0.038457  -0.202775  0.039254  -0.999217  0.005013  0.436895  0.038624  -0.003496  -0.999248  0.621425  0.000000  0.000000  0.000000  1.000000 
 0.998496  0.038852  0.038694  -0.022549  0.038697  -0.999240  0.004743  0.437067  0.038849  -0.003238  -0.999240  0.621342  0.000000  0.000000  0.000000  1.000000 
 0.998515  0.033377  0.043048  0.008287  0.049884  -0.877746  -0.476522  0.973410  0.021880  0.477962  -0.878108  0.447772  0.000000  0.000000  0.000000  1.000000 
 0.998480  0.038044  0.039869  -0.022312  0.037919  -0.999273  0.003884  0.436733  0.039988  -0.002367  -0.999197  0.621272  0.000000  0.000000  0.000000  1.000000 
 0.998479  0.039546  0.038418  -0.202404  0.039409  -0.999214  0.004329  0.503618  0.038559  -0.002808  -0.999252  0.621189  0.000000  0.000000  0.000000  1.000000 
 0.998517  0.038017  0.038968  0.067214  0.037847  -0.999271  0.005096  0.497309  0.039133  -0.003614  -0.999227  0.621400  0.000000  0.000000  0.000000  1.000000 
 0.998580  0.038053  0.037293  0.325031  0.037943  -0.999273  0.003665  0.362017  0.037405  -0.002245  -0.999298  0.621282  0.000000  0.000000  0.000000  1.000000 
 0.998578  0.038089  0.037297  0.325022  0.037978  -0.999272  0.003683  0.362027  0.037410  -0.002261  -0.999297  0.621290  0.000000  0.000000  0.000000  1.000000 
 0.998581  0.038030  0.037287  0.325034  0.037919  -0.999274  0.003676  0.362022  0.037400  -0.002256  -0.999298  0.621262  0.000000  0.000000  0.000000  1.000000 
 0.998581  0.038006  0.037303  0.325039  0.037894  -0.999275  0.003696  0.362021  0.037416  -0.002278  -0.999297  0.621278  0.000000  0.000000  0.000000  1.000000 
 0.998497  0.038977  0.038518  0.037177  0.038840  -0.999236  0.004302  0.659574  0.038656  -0.002799  -0.999249  0.621309  0.000000  0.000000  0.000000  1.000000 
 0.998461  0.039580  0.038857  -0.202327  0.039431  -0.999212  0.004583  0.407131  0.039008  -0.003044  -0.999234  0.621392  0.000000  0.000000  0.000000  1.000000 
 0.998426  0.033444  0.045016  0.008101  0.050875  -0.877896  -0.476141  0.972535  0.023595  0.477682  -0.878216  0.448624  0.000000  0.000000  0.000000  1.000000 
 0.998450  0.039841  0.038863  -0.112509  0.039658  -0.999198  0.005465  0.826735  0.039050  -0.003915  -0.999230  0.621693  0.000000  0.000000  0.000000  1.000000 
 0.998447  0.038953  0.039833  -0.082386  0.038761  -0.999233  0.005593  0.504238  0.040020  -0.004040  -0.999191  0.621183  0.000000  0.000000  0.000000  1.000000 
 0.998481  0.039469  0.038433  0.044396  0.039305  -0.999215  0.005028  0.556785  0.038601  -0.003510  -0.999249  0.621373  0.000000  0.000000  0.000000  1.000000 
 0.998511  0.038069  0.039081  -0.022398  0.037903  -0.999269  0.004970  0.377137  0.039242  -0.003481  -0.999224  0.621357  0.000000  0.000000  0.000000  1.000000 
 0.998099  0.038274  0.048312  0.098726  0.038280  -0.999267  0.000800  0.336666  0.048307  0.001051  -0.998832  0.620228  0.000000  0.000000  0.000000  1.000000 
 0.998438  0.039321  0.039700  -0.037687  0.039159  -0.999221  0.004864  0.376871  0.039860  -0.003302  -0.999200  0.621192  0.000000  0.000000  0.000000  1.000000 
 0.998480  0.038995  0.038943  0.014116  0.038850  -0.999235  0.004486  0.511723  0.039088  -0.002967  -0.999231  0.621292  0.000000  0.000000  0.000000  1.000000 
 0.998464  0.039848  0.038502  -0.172257  0.039670  -0.999198  0.005371  0.477184  0.038685  -0.003835  -0.999244  0.621489  0.000000  0.000000  0.000000  1.000000 
 0.998459  0.039362  0.039126  0.049958  0.039227  -0.999221  0.004224  0.376757  0.039261  -0.002682  -0.999225  0.621316  0.000000  0.000000  0.000000  1.000000 
 0.998477  0.034263  0.043245  0.008081  0.050741  -0.878047  -0.475878  0.973343  0.021666  0.477347  -0.878448  0.447884  0.000000  0.000000  0.000000  1.000000 
 0.998471  0.038452  0.039715  -0.097305  0.038349  -0.999259  0.003344  0.723203  0.039814  -0.001816  -0.999205  0.621119  0.000000  0.000000  0.000000  1.000000 
 0.998655  0.038766  0.034440  0.249277  0.038692  -0.999247  0.002813  0.360715  0.034523  -0.001477  -0.999403  0.622003  0.000000  0.000000  0.000000  1.000000 
 0.998505  0.038172  0.039135  -0.001351  0.038054  -0.999269  0.003759  0.606506  0.039250  -0.002264  -0.999227  0.621168  0.000000  0.000000  0.000000  1.000000 
 -0.050448  -0.722320  0.689716  -0.362791  -0.998640  0.027362  -0.044388  0.619216  0.013190  -0.691017  -0.722718  0.415137  0.000000  0.000000  0.000000  1.000000 
 0.998402  0.039834  0.040087  -0.152275  0.039710  -0.999204  0.003867  0.636790  0.040209  -0.002269  -0.999189  0.621089  0.000000  0.000000  0.000000  1.000000 
 0.998529  0.038292  0.038392  0.197929  0.038146  -0.999262  0.004533  0.636818  0.038537  -0.003062  -0.999252  0.621248  0.000000  0.000000  0.000000  1.000000 
 0.021333  -0.832446  -0.553695  0.335134  -0.998708  0.007806  -0.050215  0.549123  0.046123  0.554051  -0.831204  0.448082  0.000000  0.000000  0.000000  1.000000 
 0.998479  0.039192  0.038768  0.197277  0.039043  -0.999227  0.004594  0.807055  0.038918  -0.003074  -0.999238  0.621363  0.000000  0.000000  0.000000  1.000000 
 0.998481  0.033368  0.043849  0.008023  0.050286  -0.877162  -0.477554  0.973223  0.022527  0.479034  -0.877507  0.447729  0.000000  0.000000  0.000000  1.000000 
 0.998071  0.038465  0.048728  -0.101229  0.038538  -0.999257  -0.000574  0.406149  0.048670  0.002451  -0.998812  0.620099  0.000000  0.000000  0.000000  1.000000 
 0.910812  -0.324257  0.255499  -0.372594  -0.408218  -0.799607  0.440439  0.128465  0.061483  -0.505456  -0.860659  0.605967  0.000000  0.000000  0.000000  1.000000 
